166
405
623
446
378
516
259
57
209
755
532
444
502
130
424
716
498
142
301
848
718
155
60
798
40
668
794
194
515
476
318
290
610
429
833
542
277
363
497
780
739
172
432
482
786
121
190
828
787
593
572
418
345
325
198
674
397
748
399
327
212
206
770
180
621
65
684
400
129
768
208
97
641
402
821
189
215
364
91
90
134
107
661
695
334
544
472
781
543
541
331
505
713
619
415
319
417
510
862
712
219
362
238
151
168
118
250
411
43
698
347
634
59
394
665
626
810
138
358
761
660
245
562
795
217
422
452
306
71
836
87
280
66
82
386
184
644
577
52
496
581
111
239
224
372
270
524
688
342
849
576
419
556
709
528
758
312
797
592
105
195
244
773
702
453
162
196
294
193
117
813
559
854
526
545
120
390
309
365
831
521
651
201
357
84
837
246
658
715
595
284
491
441
338
659
546
233
433
235
188
585
834
54
258
427
512
735
860
529
228
511
335
164
241
701
75
328
315
676
229
586
88
484
527
101
573
157
313
818
385
369
286
488
421
667
470
420
753
310
551
393
278
351
85
783
590
638
825
264
350
759
468
324
187
539
782
260
256
806
167
554
370
808
95
341
633
455
53
796
343
401
163
535
649
76
523
675
50
569
317
161
232
766
859
74
555
769
449
344
580
608
374
672
752
643
647
326
637
817
396
463
414
126
801
176
594
473
607
754
116
322
175
501
104
348
678
839
132
271
846
826
479
383
499
603
615
743
213
613
83
94
81
508
707
173
145
642
691
653
700
616
227
504
261
811
149
566
382
234
230
147
211
376
568
199
267
174
845
646
109
506
247
384
547
815
536
373
723
339
274
77
760
632
548
802
133
670
375
764
822
776
819
218
191
237
340
622
108
387
122
80
467
724
520
295
856
485
835
106
460
131
332
48
814
379
803
49
316
685
223
584
696
356
466
533
525
303
767
694
669
311
158
292
853
204
44
92
552
202
276
115
265
426
89
248
304
731
140
775
656
599
664
391
403
262
439
598
812
371
648
253
627
431
589
531
55
677
220
857
671
329
734
728
354
737
404
160
842
257
475
683
680
602
330
844
841
185
165
852
820
103
809
791
503
263
517
73
530
480
560
538
305
298
575
451
493
154
843
518
823
272
428
445
747
102
440
717
855
557
689
730
438
799
785
692
300
483
252
78
114
450
727
275
639
703
368
448
706
729
740
119
711
100
269
864
654
732
771
697
567
413
86
708
289
58
64
407
79
462
148
614
596
816
377
687
63
549
777
714
408
456
72
266
861
281
282
361
231
550
323
434
169
721
333
297
406
471
553
355
205
353
583
69
442
225
699
135
561
171
805
47
416
67
784
186
749
243
793
465
380
779
152
279
657
144
481
146
824
395
242
631
45
492
249
563
597
662
571
800
666
143
601
141
110
611
226
652
299
150
738
540
851
412
650
41
236
757
686
430
579
308
489
124
574
744
705
789
136
478
742
443
774
832
181
720
352
620
477
772
509
625
673
197
830
725
203
254
409
159
726
537
746
360
127
588
177
663
630
655
423
389
792
858
514
251
210
629
679
349
461
763
459
112
495
464
392
756
61
865
435
56
587
398
51
609
346
640
255
128
381
494
42
681
513
200
139
179
337
222
741
600
359
486
320
367
182
221
68
268
733
507
321
863
123
710
722
807
487
840
99
762
618
156
240
307
153
582
214
617
827
366
207
704
624
628
750
500
591
96
447
565
522
457
534
719
410
46
436
765
291
850
829
847
273
490
838
113
645
745
519
285
736
564
192
804
216
612
570
93
635
437
682
62
183
336
469
636
137
302
70
454
178
288
458
283
605
778
296
690
170
693
125
788
98
425
474
606
388
578
287
293
751
604
558
790
314
